{
  "asset": {
    "version": "2.0",
    "generator": "THREE.GLTFExporter r175"
  },
  "scenes": [
    {
      "name": "Scene",
      "nodes": [
        70
      ]
    }
  ],
  "scene": 0,
  "nodes": [
    {
      "matrix": [
        0.9999999999999516,
        5.221367159523339e-8,
        -3.0685654380783696e-7,
        0,
        6.1064283891291124e-9,
        0.9823497727257242,
        0.1870532705325694,
        0,
        3.1120719386202223e-7,
        -0.18705327053256224,
        0.9823497727256763,
        0,
        -8.881784197001252e-15,
        0.055559542030096054,
        7.450587702351186e-9,
        1
      ],
      "name": "Head_0",
      "extras": {
        "name": "Head_0"
      }
    },
    {
      "matrix": [
        0.9999999999999845,
        1.7062717457823827e-8,
        1.7547330035436659e-7,
        0,
        7.716775098287648e-8,
        0.8525359840946356,
        -0.522668311181444,
        0,
        -1.5851546376550806e-7,
        0.5226683734883748,
        0.8525360857248421,
        0,
        4.133933639849374e-9,
        0.3056069016456604,
        -0.027999674901366234,
        1
      ],
      "name": "Neck_1",
      "extras": {
        "name": "Neck_1"
      },
      "children": [
        0
      ]
    },
    {
      "matrix": [
        1.0000001192023242,
        -8.124382328007125e-8,
        0.000003731465763747428,
        0,
        0.000002461244573858843,
        0.7659374093174701,
        -0.6429155370062984,
        0,
        -0.0000028058360204697654,
        0.6429155370110045,
        0.7659374093123352,
        0,
        4.946695497665132e-8,
        0.03627372533082962,
        1.0091093294306575e-8,
        1
      ],
      "name": "Middle3L_2",
      "extras": {
        "name": "Middle3.L_2"
      }
    },
    {
      "matrix": [
        0.9999999999929767,
        1.886311145659749e-7,
        0.0000037431283002522324,
        0,
        0.0000022489802932542145,
        0.7687341378781675,
        -0.6395686743055735,
        0,
        -0.0000029981130997769684,
        0.6395686743094999,
        0.7687341378723441,
        0,
        1.0453152121669973e-8,
        0.036928027868270874,
        1.04830689906521e-7,
        1
      ],
      "name": "Middle2L_3",
      "extras": {
        "name": "Middle2.L_3"
      },
      "children": [
        2
      ]
    },
    {
      "matrix": [
        1.0000001191939516,
        -0.0000031222945336065223,
        -0.000004574592524535284,
        0,
        -3.1181677252663144e-7,
        0.7929058111252691,
        -0.6093444315478693,
        0,
        0.000005529773730538191,
        0.6093445041794578,
        0.7929059056338613,
        0,
        0.011583128944039345,
        0.0779477134346962,
        0.0011151222279295325,
        1
      ],
      "name": "Middle1L_4",
      "extras": {
        "name": "Middle1.L_4"
      },
      "children": [
        3
      ]
    },
    {
      "matrix": [
        0.9549332745063458,
        0.29660922455591154,
        -0.01119344165160115,
        0,
        -0.2968111773703164,
        0.9545211038286201,
        -0.028150867662498583,
        0,
        0.0023345698454390884,
        0.03020454236041554,
        0.9995410123836782,
        0,
        5.18963183537835e-8,
        0.0277391504496336,
        1.5323892910146242e-7,
        1
      ],
      "name": "Thumb3L_5",
      "extras": {
        "name": "Thumb3.L_5"
      }
    },
    {
      "matrix": [
        0.8697980875498714,
        0.4051047616439265,
        0.2816765188099296,
        0,
        -0.2168496514526687,
        0.8266473026569441,
        -0.5192600000267152,
        0,
        -0.4432017249872304,
        0.3905698088177837,
        0.8068628752932487,
        0,
        -9.028394032384313e-8,
        0.021083666011691093,
        -1.341865498716288e-7,
        1
      ],
      "name": "Thumb2L_6",
      "extras": {
        "name": "Thumb2.L_6"
      },
      "children": [
        5
      ]
    },
    {
      "matrix": [
        0.8059772032165582,
        -0.589589707821315,
        -0.05277063566707607,
        0,
        0.5399150207141565,
        0.7687530531201764,
        -0.34279844050322994,
        0,
        0.24267798306753807,
        0.24779604378940245,
        0.9379256485604222,
        0,
        0.03206701576709747,
        0.017971660941839218,
        -0.002228741068392992,
        1
      ],
      "name": "Thumb1L_7",
      "extras": {
        "name": "Thumb1.L_7"
      },
      "children": [
        6
      ]
    },
    {
      "matrix": [
        1.0000002384113873,
        1.1128908130881367e-8,
        0.000003792544504903495,
        0,
        0.0000024326686779673254,
        0.7652946531765753,
        -0.6436803177739454,
        0,
        -0.0000029095764863369545,
        0.643680241045878,
        0.7652945619408233,
        0,
        2.9730105044478705e-9,
        0.03218594565987587,
        -7.101839116785413e-8,
        1
      ],
      "name": "Index3L_8",
      "extras": {
        "name": "Index3.L_8"
      }
    },
    {
      "matrix": [
        0.9999999999932413,
        1.3044918110457728e-7,
        0.0000036742951516427866,
        0,
        0.000002247258723770035,
        0.7692669320094764,
        -0.6389277301815681,
        0,
        -0.0000029098610418249494,
        0.6389276540193952,
        0.7692668403002305,
        0,
        3.368923273683322e-8,
        0.030550729483366013,
        -1.0941728412205975e-8,
        1
      ],
      "name": "Index2L_9",
      "extras": {
        "name": "Index2.L_9"
      },
      "children": [
        8
      ]
    },
    {
      "matrix": [
        0.999999999985397,
        -0.0000030235924161601288,
        -0.000004479271581849073,
        0,
        -3.437999847442268e-7,
        0.791570174991264,
        -0.6110782727528387,
        0,
        0.000005393309105361693,
        0.6110782363223516,
        0.7915701277974061,
        0,
        0.03267814591526985,
        0.07925473153591156,
        0.000132310000481084,
        1
      ],
      "name": "Index1L_10",
      "extras": {
        "name": "Index1.L_10"
      },
      "children": [
        9
      ]
    },
    {
      "matrix": [
        0.9999999999933542,
        1.0368372426974208e-7,
        0.000003644300851195743,
        0,
        0.000002262644536803397,
        0.7661436667951548,
        -0.6426695043669222,
        0,
        -0.000002858691996241686,
        0.6426694277587308,
        0.7661435754583972,
        0,
        -1.3129457521188215e-8,
        0.03072301112115383,
        1.7241761440800474e-7,
        1
      ],
      "name": "Ring3L_11",
      "extras": {
        "name": "Ring3.L_11"
      }
    },
    {
      "matrix": [
        0.9999999999922714,
        -2.447226907834846e-9,
        0.0000039315592453544325,
        0,
        0.0000025141293531211133,
        0.7692108389371771,
        -0.638995062763932,
        0,
        -0.000003022634049184975,
        0.6389950246818041,
        0.7692107930826996,
        0,
        1.1024108736990001e-8,
        0.02942487969994545,
        -8.931988304539118e-8,
        1
      ],
      "name": "Ring2L_12",
      "extras": {
        "name": "Ring2.L_12"
      },
      "children": [
        11
      ]
    },
    {
      "matrix": [
        1.0000001191943895,
        -0.000003027574364400839,
        -0.0000045424279821674355,
        0,
        -3.818827685820371e-7,
        0.7912737637054745,
        -0.6114622765751428,
        0,
        0.000005445550849658369,
        0.6114622765677667,
        0.7912737636925284,
        0,
        -0.011637646704912186,
        0.08064785599708557,
        0.000621457293163985,
        1
      ],
      "name": "Ring1L_13",
      "extras": {
        "name": "Ring1.L_13"
      },
      "children": [
        12
      ]
    },
    {
      "matrix": [
        0.9999999999926472,
        7.290050727251067e-7,
        0.000003764840233851842,
        0,
        0.0000018339257947682844,
        0.7713014742183307,
        -0.6364701713964089,
        0,
        -0.0000033678168103134127,
        0.6364701713986336,
        0.7713014742113226,
        0,
        -8.570173015698401e-9,
        0.016925476491451263,
        -1.1243008657402243e-7,
        1
      ],
      "name": "Pinky3L_14",
      "extras": {
        "name": "Pinky3.L_14"
      }
    },
    {
      "matrix": [
        0.999999999993114,
        -4.921378365901452e-7,
        0.0000036783043498389654,
        0,
        0.0000027472729940087118,
        0.7645228802352744,
        -0.6445966267062264,
        0,
        -0.0000024949175610906047,
        0.644596626711893,
        0.764522880231362,
        0,
        -3.3612082006584387e-9,
        0.02401038445532322,
        -8.881147550710011e-8,
        1
      ],
      "name": "Pinky2L_15",
      "extras": {
        "name": "Pinky2.L_15"
      },
      "children": [
        14
      ]
    },
    {
      "matrix": [
        0.9999999999857603,
        -0.0000027919597103176664,
        -0.000004548016979854132,
        0,
        -5.87479396299228e-7,
        0.7894555943322971,
        -0.6138077015992426,
        0,
        0.000005304183766801684,
        0.6138077015931739,
        0.7894555943194151,
        0,
        -0.034040823578834534,
        0.07598729431629181,
        0.0025894735008478165,
        1
      ],
      "name": "Pinky1L_16",
      "extras": {
        "name": "Pinky1.L_16"
      },
      "children": [
        15
      ]
    },
    {
      "matrix": [
        0.9986719119738904,
        0.051520989124082595,
        -3.918682126707873e-8,
        0,
        -0.051459138925468856,
        0.9974729835632239,
        -0.04898332193129352,
        0,
        -0.0025236303279028358,
        0.0489182756180945,
        0.99879959635463,
        0,
        2.9104660015377704e-8,
        0.30617907643318176,
        -1.2842073715546576e-7,
        1
      ],
      "name": "PalmL_17",
      "extras": {
        "name": "Palm.L_17"
      },
      "children": [
        4,
        7,
        10,
        13,
        16
      ]
    },
    {
      "matrix": [
        0.9054374860402429,
        -0.4244790828444837,
        -6.970950115440542e-9,
        0,
        0.4244790069416908,
        0.9054373241353648,
        2.3308931573616623e-8,
        0,
        -3.582397709800313e-9,
        -2.4063820995976268e-8,
        1.000000119209289,
        0,
        -9.245678000979751e-9,
        0.33397018909454346,
        5.17305096536802e-8,
        1
      ],
      "name": "ForearmL_18",
      "extras": {
        "name": "Forearm.L_18"
      },
      "children": [
        17
      ]
    },
    {
      "matrix": [
        0.9825907588997889,
        -0.13885990345449484,
        -0.12342335592528686,
        0,
        -0.08090743578582549,
        0.2781997889934753,
        -0.9571095767730418,
        0,
        0.16724041896663916,
        0.9504324388683716,
        0.26212161819426844,
        0,
        6.5520309178168645e-9,
        0.11464105546474457,
        1.3067166548808018e-7,
        1
      ],
      "name": "UpperArmL_19",
      "extras": {
        "name": "UpperArm.L_19"
      },
      "children": [
        18
      ]
    },
    {
      "matrix": [
        9.743476958590236e-8,
        -0.28986006486787197,
        -0.9570690564188773,
        0,
        -0.9921702088675474,
        -0.11953101389934326,
        0.03620130385326046,
        0,
        -0.12489272751511254,
        0.9495753843563816,
        -0.2875905477069728,
        0,
        -0.05295353755354881,
        0.2426222264766693,
        0.001281001721508801,
        1
      ],
      "name": "CollarL_20",
      "extras": {
        "name": "Collar.L_20"
      },
      "children": [
        19
      ]
    },
    {
      "matrix": [
        0.9999999999932928,
        -1.195721260538048e-7,
        -0.000003660605420459942,
        0,
        -0.0000022649011021271507,
        0.7652608556728251,
        -0.6437200303895595,
        0,
        0.0000028782893727118325,
        0.643720107130954,
        0.7652609468936408,
        0,
        -5.405934189184336e-8,
        0.03627382963895798,
        6.74100908426567e-9,
        1
      ],
      "name": "Middle3R_21",
      "extras": {
        "name": "Middle3.R_21"
      }
    },
    {
      "matrix": [
        0.9999999999930649,
        2.3441055451862958e-7,
        -0.000003716890806422672,
        0,
        -0.0000025602499426814496,
        0.7680613690965302,
        -0.6403761412561916,
        0,
        0.0000027046894506645517,
        0.6403761794306613,
        0.7680614148718315,
        0,
        1.6830982829674213e-8,
        0.03692810609936714,
        5.7039283518633965e-8,
        1
      ],
      "name": "Middle2R_22",
      "extras": {
        "name": "Middle2.R_22"
      },
      "children": [
        21
      ]
    },
    {
      "matrix": [
        1.0000001191949877,
        0.0000027314675944583524,
        0.000004598119763974783,
        0,
        6.416226619471724e-7,
        0.7922648388877908,
        -0.6101774020786371,
        0,
        -0.000005309607718417066,
        0.6101774020728606,
        0.7922648388747073,
        0,
        -0.011583130806684494,
        0.07794763147830963,
        0.0011157449334859848,
        1
      ],
      "name": "Middle1R_23",
      "extras": {
        "name": "Middle1.R_23"
      },
      "children": [
        22
      ]
    },
    {
      "matrix": [
        0.9548460152691364,
        -0.29689029146792584,
        0.011201849089859738,
        0,
        0.29709236856623666,
        0.9544339127248446,
        -0.028147295719105753,
        0,
        -0.0023347650944017273,
        0.030204306210650584,
        0.9995408997886839,
        0,
        -5.587935447692871e-9,
        0.02773924358189106,
        -4.0512531995773315e-8,
        1
      ],
      "name": "Thumb3R_24",
      "extras": {
        "name": "Thumb3.R_24"
      }
    },
    {
      "matrix": [
        0.8645254540752876,
        -0.39920478026261463,
        -0.30533797039977584,
        0,
        0.19568959776196065,
        0.8269581572247933,
        -0.5271110107356324,
        0,
        0.4629269643298586,
        0.3959494181470733,
        0.7930466016880685,
        0,
        1.792358439445252e-8,
        0.021083643659949303,
        1.0538359163092537e-7,
        1
      ],
      "name": "Thumb2R_25",
      "extras": {
        "name": "Thumb2.R_25"
      },
      "children": [
        24
      ]
    },
    {
      "matrix": [
        0.7879576892527651,
        0.6137465290474976,
        0.049370320709656114,
        0,
        -0.5634032349616162,
        0.7510205806033747,
        -0.34430334775999066,
        0,
        -0.24839317273114503,
        0.24348115097511336,
        0.9375594748715517,
        0,
        -0.032067008316516876,
        0.017971694469451904,
        -0.00222877343185246,
        1
      ],
      "name": "Thumb1R_26",
      "extras": {
        "name": "Thumb1.R_26"
      },
      "children": [
        25
      ]
    },
    {
      "matrix": [
        0.9999999999929404,
        -3.273540588593645e-8,
        -0.000003757414779411248,
        0,
        -0.000002396564950498504,
        0.7646176554279149,
        -0.6444843543066159,
        0,
        0.000002894082797492356,
        0.6444842774825581,
        0.7646175642729219,
        0,
        -3.4260967396448905e-8,
        0.032185886055231094,
        -1.3543990817765916e-8,
        1
      ],
      "name": "Index3R_27",
      "extras": {
        "name": "Index3.R_27"
      }
    },
    {
      "matrix": [
        1.000000357621262,
        9.053898414615574e-8,
        -0.000003633902846292559,
        0,
        -0.0000023943252200300266,
        0.7685949130648629,
        -0.6397359782154166,
        0,
        0.00000273507759077091,
        0.6397360544823532,
        0.7685950046836446,
        0,
        -6.104144745222584e-8,
        0.030550934374332428,
        -3.453888908211411e-8,
        1
      ],
      "name": "Index2R_28",
      "extras": {
        "name": "Index2.R_28"
      },
      "children": [
        27
      ]
    },
    {
      "matrix": [
        1.0000001191955357,
        0.000002739233832296528,
        0.000004472594065254794,
        0,
        5.70290235705961e-7,
        0.7909272570370995,
        -0.6119099867544299,
        0,
        -0.000005213661100586596,
        0.6119100596939281,
        0.7909273513105468,
        0,
        -0.03267814964056015,
        0.07925358414649963,
        0.00013152272731531411,
        1
      ],
      "name": "Index1R_29",
      "extras": {
        "name": "Index1.R_29"
      },
      "children": [
        28
      ]
    },
    {
      "matrix": [
        1.0000002384122515,
        3.1725006562741376e-8,
        -0.0000035572860135582817,
        0,
        -0.0000023133065547274135,
        0.7654675983827854,
        -0.6434744356134413,
        0,
        0.0000027025721335333735,
        0.6434743972635335,
        0.7654675527525909,
        0,
        2.0483385654301856e-8,
        0.030722958967089653,
        1.100544579912821e-7,
        1
      ],
      "name": "Ring3R_30",
      "extras": {
        "name": "Ring3.R_30"
      }
    },
    {
      "matrix": [
        0.9999999999921607,
        2.0439565762433943e-8,
        -0.000003959556416132106,
        0,
        -0.0000025490460764302,
        0.7685386574759747,
        -0.6398033527908368,
        0,
        0.000003029994504900579,
        0.6398032765254111,
        0.7685385658530547,
        0,
        -1.4413815918601358e-8,
        0.029424874112010002,
        -7.842348104247776e-9,
        1
      ],
      "name": "Ring2R_31",
      "extras": {
        "name": "Ring2.R_31"
      },
      "children": [
        30
      ]
    },
    {
      "matrix": [
        1.0000001191949386,
        0.0000027321832967666345,
        0.000004608347055912998,
        0,
        6.615147303332175e-7,
        0.7906304832447,
        -0.6122937920946384,
        0,
        -0.00000531639787980779,
        0.6122937920888999,
        0.7906304832315464,
        0,
        0.011637654155492783,
        0.08064720779657364,
        0.0006191357970237732,
        1
      ],
      "name": "Ring1R_32",
      "extras": {
        "name": "Ring1.R_32"
      },
      "children": [
        31
      ]
    },
    {
      "matrix": [
        1.0000002384113575,
        7.50025062710176e-7,
        -0.0000037256494501337854,
        0,
        -0.0000029522772607926,
        0.7706320299367011,
        -0.6372807638212897,
        0,
        0.0000023931271726567935,
        0.6372806118881489,
        0.7706318462004005,
        0,
        -2.65696975532137e-8,
        0.01692553237080574,
        -1.1443495395724312e-7,
        1
      ],
      "name": "Pinky3R_33",
      "extras": {
        "name": "Pinky3.R_33"
      }
    },
    {
      "matrix": [
        1.0000002384117903,
        -5.229195935253521e-7,
        -0.00000364748433704486,
        0,
        -0.000001954656040919548,
        0.7638448532676855,
        -0.6453999408460378,
        0,
        0.0000031236037164918004,
        0.6453999408487858,
        0.7638448532614778,
        0,
        -2.2126441123759832e-8,
        0.02401050180196762,
        -9.912066900596983e-8,
        1
      ],
      "name": "Pinky2R_34",
      "extras": {
        "name": "Pinky2.R_34"
      },
      "children": [
        33
      ]
    },
    {
      "matrix": [
        0.9999999999848433,
        0.000003071682144509686,
        0.000004569256688953384,
        0,
        3.8546167520538e-7,
        0.7888099466933611,
        -0.614637176852871,
        0,
        -0.000005492245186022992,
        0.6146371768453164,
        0.7888099466802214,
        0,
        0.034040894359350204,
        0.07598885148763657,
        0.0025920262560248375,
        1
      ],
      "name": "Pinky1R_35",
      "extras": {
        "name": "Pinky1.R_35"
      },
      "children": [
        34
      ]
    },
    {
      "matrix": [
        0.9986719169727669,
        -0.05152089216474634,
        4.365848334936251e-8,
        0,
        0.05145904842656643,
        0.9974731072791637,
        -0.0489833312584085,
        0,
        0.00252362190560188,
        0.04891829123914496,
        0.9987998343130643,
        0,
        -7.43079109355449e-9,
        0.30617910623550415,
        -1.3538407017676946e-7,
        1
      ],
      "name": "PalmR_36",
      "extras": {
        "name": "Palm.R_36"
      },
      "children": [
        23,
        26,
        29,
        32,
        35
      ]
    },
    {
      "matrix": [
        0.8533012292017905,
        0.5214181483639443,
        2.093541754246745e-8,
        0,
        -0.5214181483639441,
        0.8533012292017867,
        8.376747364715983e-8,
        0,
        2.5813667766007422e-8,
        -8.23950046672135e-8,
        0.9999999999999962,
        0,
        -3.725234121176868e-9,
        0.3339702785015106,
        4.91057967622055e-8,
        1
      ],
      "name": "ForearmR_37",
      "extras": {
        "name": "Forearm.R_37"
      },
      "children": [
        36
      ]
    },
    {
      "matrix": [
        0.9700075984137636,
        0.14592998970429097,
        0.19439634701842548,
        0,
        0.14189392241357957,
        0.30939657095969536,
        -0.9402874294598231,
        0,
        -0.19736155670351574,
        0.9396689393895964,
        0.2794102462668467,
        0,
        9.97888349729692e-9,
        0.11464103311300278,
        1.24837498560737e-7,
        1
      ],
      "name": "UpperArmR_38",
      "extras": {
        "name": "UpperArm.R_38"
      },
      "children": [
        37
      ]
    },
    {
      "matrix": [
        -1.9450039445700895e-7,
        0.2898600838600629,
        0.9570690573760388,
        0,
        0.9921702024463926,
        -0.11953103558828772,
        0.036201606798505946,
        0,
        0.12489283738336354,
        0.9495754399983269,
        -0.2875905522776705,
        0,
        0.052953530102968216,
        0.2426222413778305,
        0.0012810280313715339,
        1
      ],
      "name": "CollarR_39",
      "extras": {
        "name": "Collar.R_39"
      },
      "children": [
        38
      ]
    },
    {
      "matrix": [
        0.9999999999999857,
        4.122163096115246e-8,
        1.638244433091762e-7,
        0,
        -8.532214267659257e-8,
        0.9602331207053416,
        0.27919993686791417,
        0,
        -1.4580058250105007e-7,
        -0.27919993686792416,
        0.9602331207053314,
        0,
        -4.6629367034256575e-15,
        0.17221832275390625,
        1.8626500342122654e-9,
        1
      ],
      "name": "Chest_40",
      "extras": {
        "name": "Chest_40"
      },
      "children": [
        1,
        20,
        39
      ]
    },
    {
      "matrix": [
        0.9999999999999941,
        7.294356652356158e-8,
        -7.983436310912526e-8,
        0,
        -5.177916140826341e-8,
        0.9710947938645418,
        0.2386936587801951,
        0,
        9.493790686757399e-8,
        -0.238693673007442,
        0.971094851746307,
        0,
        -2.7760410056175367e-15,
        0.16043336689472198,
        -3.9178168265152635e-8,
        1
      ],
      "name": "Belly_41",
      "extras": {
        "name": "Belly_41"
      },
      "children": [
        40
      ]
    },
    {
      "matrix": [
        0.9999999999999967,
        -5.2278250291005045e-8,
        6.294207624760331e-8,
        0,
        6.021697036040802e-8,
        0.991038925491863,
        -0.13357025694803193,
        0,
        -5.5395251336374e-8,
        0.13357031267791253,
        0.9910393389856971,
        0,
        1.0444418663269062e-8,
        0.5062119960784912,
        -8.785457777937822e-11,
        1
      ],
      "name": "ShinL_42",
      "extras": {
        "name": "Shin.L_42"
      }
    },
    {
      "matrix": [
        0.9993335772883517,
        -0.008195300167297831,
        0.035570188805279894,
        0,
        0.0023299964173557454,
        -0.9581611196424381,
        -0.28621894069993004,
        0,
        0.03642753670430835,
        0.2861103941654664,
        -0.9575012013967061,
        0,
        -0.10759954899549484,
        -0.0000024744851998548256,
        -1.0531663718893469e-7,
        1
      ],
      "name": "HipL_43",
      "extras": {
        "name": "Hip.L_43"
      },
      "children": [
        42
      ]
    },
    {
      "matrix": [
        0.999999999999998,
        1.2076222141427126e-8,
        6.265790343894949e-8,
        0,
        -3.5985372211248774e-9,
        0.9910384878439015,
        -0.13357395101697767,
        0,
        -6.370947776793529e-8,
        0.13357398286350017,
        0.991038724125972,
        0,
        1.0124936444810828e-8,
        0.5062119364738464,
        6.789530715423098e-9,
        1
      ],
      "name": "ShinR_44",
      "extras": {
        "name": "Shin.R_44"
      }
    },
    {
      "matrix": [
        0.9993335964375517,
        0.008195281052843575,
        -0.0355696564592556,
        0,
        -0.00232991117849999,
        -0.9581608074113294,
        -0.28622023300300237,
        0,
        -0.03642701586195154,
        0.286111686819971,
        -0.9575009085533258,
        0,
        0.10759955644607544,
        -0.0000024735873012105003,
        -6.098916571772861e-8,
        1
      ],
      "name": "HipR_45",
      "extras": {
        "name": "Hip.R_45"
      },
      "children": [
        44
      ]
    },
    {
      "matrix": [
        -1.000000076792575,
        -4.943352061645014e-8,
        5.370610603363961e-7,
        0,
        7.425290526635848e-8,
        0.9736890281019355,
        0.22788058136906508,
        0,
        -5.341954969191535e-7,
        0.22788062211729754,
        -0.9736892790036962,
        0,
        -2.1332899891035595e-8,
        1.0641568899154663,
        -0.05638142675161362,
        1
      ],
      "name": "Pelvis_46",
      "extras": {
        "name": "Pelvis_46"
      },
      "children": [
        41,
        43,
        45
      ]
    },
    {
      "matrix": [
        -0.4357801058675185,
        -4.378975487817691e-15,
        1.4419931687477303e-7,
        0,
        3.308993345202646e-7,
        -1.343588757881235e-7,
        1.0000000747541764,
        0,
        -1.0048592410634785e-14,
        1.0000001343588838,
        -1.3435888379653704e-7,
        0,
        0.046890247613191605,
        0.5592277646064758,
        1.6039760112762451,
        1
      ],
      "name": "KneeIKL_47",
      "extras": {
        "name": "KneeIK.L_47"
      }
    },
    {
      "matrix": [
        0.9990131632364825,
        0.04441374403867522,
        0.0000015232481451424118,
        0,
        -0.042799287065422326,
        0.962689476159266,
        0.26720299241513984,
        0,
        0.011866015626778106,
        -0.2669393241658612,
        0.9636401628733664,
        0,
        7.93024490519656e-9,
        0.18344047665596008,
        -1.2646388825032773e-8,
        1
      ],
      "name": "ToesL_48",
      "extras": {
        "name": "Toes.L_48"
      }
    },
    {
      "matrix": [
        -0.9990138471192759,
        0.040073867274213436,
        0.019133894876776057,
        0,
        -0.04440746372486768,
        -0.9015943903463037,
        -0.4302990280482158,
        0,
        0.000007262290631565739,
        -0.43072448383332324,
        0.9024846835795302,
        0,
        -7.164001658566121e-8,
        9.566970504693018e-8,
        9.930693778414934e-8,
        1
      ],
      "name": "FootL_49",
      "extras": {
        "name": "Foot.L_49"
      },
      "children": [
        48
      ]
    },
    {
      "matrix": [
        0.9999999999999519,
        2.009718482126957e-14,
        -3.1011835265999736e-7,
        0,
        -3.1011833417550313e-7,
        -1.3435887245745463e-7,
        -1.0000000747541797,
        0,
        -2.009718482126957e-14,
        1.0000001343588805,
        -1.3435888046586797e-7,
        0,
        0.10759952664375305,
        0.09879455715417862,
        -0.05971419811248779,
        1
      ],
      "name": "LegIKL_50",
      "extras": {
        "name": "LegIK.L_50"
      },
      "children": [
        49
      ]
    },
    {
      "matrix": [
        0.999999999999879,
        0,
        -4.919120402161153e-7,
        0,
        -4.919120402161153e-7,
        -1.3435891688118318e-7,
        -1.000000134358796,
        0,
        0,
        1.0000001343589169,
        -1.3435891688118318e-7,
        0,
        0.30421724915504456,
        1.62494695186615,
        -0.9081787467002869,
        1
      ],
      "name": "ElbowIKL_51",
      "extras": {
        "name": "ElbowIK.L_51"
      }
    },
    {
      "matrix": [
        -0.0018193155088628288,
        -0.04261820185207554,
        0.9990898930006917,
        0,
        0.9990897815275477,
        -0.04265694498715884,
        -4.15476538716032e-7,
        0,
        0.04261802303816786,
        0.9981805039213221,
        0.04265689381669624,
        0,
        0.24243055284023285,
        0.9947991371154785,
        -0.015036257915198803,
        1
      ],
      "name": "HandIKL_52",
      "extras": {
        "name": "HandIK.L_52"
      }
    },
    {
      "matrix": [
        -0.4357801058675185,
        -4.378975487817691e-15,
        1.4419931687477303e-7,
        0,
        3.308993345202646e-7,
        -1.343588757881235e-7,
        1.0000000747541764,
        0,
        -1.0048592410634785e-14,
        1.0000001343588838,
        -1.3435888379653704e-7,
        0,
        -0.046889204531908035,
        0.5592277646064758,
        1.6039760112762451,
        1
      ],
      "name": "KneeIKR_53",
      "extras": {
        "name": "KneeIK.R_53"
      }
    },
    {
      "matrix": [
        0.9990131884127303,
        -0.04441451799857443,
        6.695716381344141e-7,
        0,
        0.042738462856601815,
        0.9613178784053275,
        0.2721049857853132,
        0,
        -0.012086054543125961,
        -0.2718364246175702,
        0.9622673896245689,
        0,
        8.172085230739867e-9,
        0.1834404617547989,
        -1.300338414722546e-8,
        1
      ],
      "name": "ToesR_54",
      "extras": {
        "name": "Toes.R_54"
      }
    },
    {
      "matrix": [
        -0.9990135050064692,
        -0.040072898190231236,
        -0.0191378716881396,
        0,
        0.04440829674756723,
        -0.9015943232253464,
        -0.43029813249191445,
        0,
        -0.000011302277009963761,
        -0.43072371430526263,
        0.9024847701663201,
        0,
        -1.9872826939604238e-8,
        8.042791677098649e-8,
        2.2427450119266723e-7,
        1
      ],
      "name": "FootR_55",
      "extras": {
        "name": "Foot.R_55"
      },
      "children": [
        54
      ]
    },
    {
      "matrix": [
        0.9999999999999519,
        0,
        -3.1011833256281254e-7,
        0,
        -3.1011831407831947e-7,
        -1.3435887245745463e-7,
        -1.0000000747541797,
        0,
        0,
        1.0000000747542277,
        -1.3435887245745463e-7,
        0,
        -0.10759957134723663,
        0.09879455715417862,
        -0.05971413105726242,
        1
      ],
      "name": "LegIKR_56",
      "extras": {
        "name": "LegIK.R_56"
      },
      "children": [
        55
      ]
    },
    {
      "matrix": [
        0.999999999999879,
        0,
        -4.919115980780493e-7,
        0,
        -4.919115980780493e-7,
        -1.3435891688118318e-7,
        -1.000000134358796,
        0,
        0,
        1.0000001343589169,
        -1.3435891688118318e-7,
        0,
        -0.33052268624305725,
        1.62494695186615,
        -0.9081786274909973,
        1
      ],
      "name": "ElbowIKR_57",
      "extras": {
        "name": "ElbowIK.R_57"
      }
    },
    {
      "matrix": [
        -0.001819792346006821,
        0.04261815552318993,
        -0.9990897450433707,
        0,
        -0.9990896310276934,
        -0.042656836273600326,
        2.1001952871171584e-7,
        0,
        -0.04261803631388972,
        0.9981803552623241,
        0.04265702287067619,
        0,
        -0.25252535939216614,
        1.0039074420928955,
        -0.022890672087669373,
        1
      ],
      "name": "HandIKR_58",
      "extras": {
        "name": "HandIK.R_58"
      }
    },
    {
      "matrix": [
        1,
        0,
        0,
        0,
        0,
        1,
        0,
        0,
        0,
        0,
        1,
        0,
        0.479273371758825,
        0.05175287355720469,
        0.05928482592186354,
        1
      ],
      "name": "GLTF_created_0_rootJoint",
      "extras": {
        "name": "GLTF_created_0_rootJoint"
      },
      "children": [
        46,
        47,
        50,
        51,
        52,
        53,
        56,
        57,
        58
      ]
    },
    {
      "name": "Object_7",
      "extras": {
        "name": "Object_7"
      },
      "mesh": 0,
      "skin": 0
    },
    {
      "name": "Character_59",
      "extras": {
        "name": "Character_59"
      }
    },
    {
      "name": "GLTF_created_0",
      "extras": {
        "name": "GLTF_created_0"
      },
      "children": [
        59,
        60,
        61
      ]
    },
    {
      "matrix": [
        1,
        0,
        0,
        0,
        0,
        1,
        0,
        0,
        0,
        0,
        1,
        0,
        -0.5,
        0,
        0,
        1
      ],
      "name": "Armature_60",
      "extras": {
        "name": "Armature_60"
      },
      "children": [
        62
      ]
    },
    {
      "name": "Character001_120",
      "extras": {
        "name": "Character.001_120"
      }
    },
    {
      "name": "GLTF_created_1",
      "extras": {
        "name": "GLTF_created_1"
      },
      "children": [
        64
      ]
    },
    {
      "matrix": [
        1,
        0,
        0,
        0,
        0,
        1,
        0,
        0,
        0,
        0,
        1,
        0,
        0.5,
        0,
        0,
        1
      ],
      "name": "Armature001_121",
      "extras": {
        "name": "Armature.001_121"
      },
      "children": [
        65
      ]
    },
    {
      "matrix": [
        1,
        0,
        0,
        0,
        0,
        2.220446049250313e-16,
        1,
        0,
        0,
        -1,
        2.220446049250313e-16,
        0,
        0,
        0,
        0,
        1
      ],
      "name": "GLTF_SceneRootNode",
      "extras": {
        "name": "GLTF_SceneRootNode"
      },
      "children": [
        63,
        66
      ]
    },
    {
      "name": "root",
      "extras": {
        "name": "root"
      },
      "children": [
        67
      ]
    },
    {
      "matrix": [
        1,
        0,
        0,
        0,
        0,
        2.220446049250313e-16,
        -1,
        0,
        0,
        1,
        2.220446049250313e-16,
        0,
        0,
        0,
        0,
        1
      ],
      "name": "Sketchfab_model",
      "extras": {
        "name": "Sketchfab_model"
      },
      "children": [
        68
      ]
    },
    {
      "name": "scene.gltf",
      "children": [
        69
      ]
    }
  ],
  "bufferViews": [
    {
      "buffer": 0,
      "byteOffset": 0,
      "byteLength": 15504,
      "target": 34962,
      "byteStride": 8
    },
    {
      "buffer": 0,
      "byteOffset": 15504,
      "byteLength": 23256,
      "target": 34962,
      "byteStride": 12
    },
    {
      "buffer": 0,
      "byteOffset": 38760,
      "byteLength": 23256,
      "target": 34962,
      "byteStride": 12
    },
    {
      "buffer": 0,
      "byteOffset": 62016,
      "byteLength": 15504,
      "target": 34962,
      "byteStride": 8
    },
    {
      "buffer": 0,
      "byteOffset": 77520,
      "byteLength": 31008,
      "target": 34962,
      "byteStride": 16
    },
    {
      "buffer": 0,
      "byteOffset": 108528,
      "byteLength": 37368,
      "target": 34963
    },
    {
      "buffer": 0,
      "byteOffset": 145896,
      "byteLength": 3840
    }
  ],
  "buffers": [
    {
      "byteLength": 149736,
