{
  "asset": {
    "version": "2.0",
    "generator": "THREE.GLTFExporter r175"
  },
  "scenes": [
    {
      "name": "Scene",
      "nodes": [
        70
      ]
    }
  ],
  "scene": 0,
  "nodes": [
    {
      "name": "Character_59",
      "extras": {
        "name": "Character_59"
      }
    },
    {
      "name": "GLTF_created_0",
      "extras": {
        "name": "GLTF_created_0"
      },
      "children": [
        0
      ]
    },
    {
      "matrix": [
        1,
        0,
        0,
        0,
        0,
        1,
        0,
        0,
        0,
        0,
        1,
        0,
        -0.5,
        0,
        0,
        1
      ],
      "name": "Armature_60",
      "extras": {
        "name": "Armature_60"
      },
      "children": [
        1
      ]
    },
    {
      "matrix": [
        0.9999999999999439,
        6.848370425302656e-8,
        -3.276651051436725e-7,
        0,
        1.290197470986748e-8,
        0.9702363513243197,
        0.24215990726356407,
        0,
        3.344966037579693e-7,
        -0.24215990726355474,
        0.9702363513242646,
        0,
        8.947764675460573e-15,
        0.06035281717777252,
        -1.6050945461643096e-8,
        1
      ],
      "name": "Head_61",
      "extras": {
        "name": "Head_61"
      }
    },
    {
      "matrix": [
        0.9999999999999196,
        2.412134566759933e-8,
        4.001221553935474e-7,
        0,
        1.596430726955645e-7,
        0.891643333704214,
        -0.45273852263770964,
        0,
        -3.6768691558704207e-7,
        0.4527385226377372,
        0.8916433337041385,
        0,
        1.2232887591778763e-8,
        0.2842731177806854,
        -0.0346917100250721,
        1
      ],
      "name": "Neck_62",
      "extras": {
        "name": "Neck_62"
      },
      "children": [
        3
      ]
    },
    {
      "matrix": [
        0.9999999999934904,
        1.970917259253832e-8,
        0.00000360814102071648,
        0,
        0.0000023054902062215546,
        0.765738742742042,
        -0.6431517319726705,
        0,
        -0.000002775569308426244,
        0.6431517319768023,
        0.7657387427370119,
        0,
        -1.531127047371683e-8,
        0.05215436592698097,
        1.2741138810667962e-8,
        1
      ],
      "name": "Middle3L_63",
      "extras": {
        "name": "Middle3.L_63"
      }
    },
    {
      "matrix": [
        0.99999999999302,
        4.065859365615272e-8,
        0.000003736085606725301,
        0,
        0.0000023601314229377107,
        0.7683134413599382,
        -0.6400737503715689,
        0,
        -0.000002896509586460574,
        0.6400737885272896,
        0.768313487149532,
        0,
        -9.293104952234899e-9,
        0.0588560476899147,
        -6.538852659332406e-8,
        1
      ],
      "name": "Middle2L_64",
      "extras": {
        "name": "Middle2.L_64"
      },
      "children": [
        5
      ]
    },
    {
      "matrix": [
        0.9999999999853761,
        -0.0000030459152477177248,
        -0.000004468793413591309,
        0,
        -3.6515506346573054e-7,
        0.7863987818564159,
        -0.617719191864629,
        0,
        0.000005395773906425447,
        0.6177191918572273,
        0.7863987818438035,
        0,
        0.016553228721022606,
        0.1150938868522644,
        0.0012647233670577407,
        1
      ],
      "name": "Middle1L_65",
      "extras": {
        "name": "Middle1.L_65"
      },
      "children": [
        6
      ]
    },
    {
      "matrix": [
        0.9750459020688633,
        0.22163179884753054,
        -0.01283884658117082,
        0,
        -0.22196888641481305,
        0.9722441880054964,
        -0.07396496111835164,
        0,
        -0.003910493417067978,
        0.07496906562278514,
        0.9971781923995806,
        0,
        -4.9670696000703174e-8,
        0.04109236225485802,
        6.259537599362375e-8,
        1
      ],
      "name": "Thumb3L_66",
      "extras": {
        "name": "Thumb3.L_66"
      }
    },
    {
      "matrix": [
        0.7604443748708704,
        0.5693879766564706,
        0.3122844766634236,
        0,
        -0.39355411355672754,
        0.7865788939994456,
        -0.4758243676844458,
        0,
        -0.5165650707335239,
        0.23893715192661347,
        0.8222345082180573,
        0,
        -4.319620217074771e-8,
        0.02555704489350319,
        1.6990621531931538e-7,
        1
      ],
      "name": "Thumb2L_67",
      "extras": {
        "name": "Thumb2.L_67"
      },
      "children": [
        8
      ]
    },
    {
      "matrix": [
        0.7279226007819916,
        -0.6856594311067676,
        -0.00033083851314897955,
        0,
        0.6375564175752318,
        0.6770319585389656,
        -0.367627617203886,
        0,
        0.2522912528018703,
        0.2673934664918247,
        0.9299731750716306,
        0,
        0.04693770408630371,
        0.03536352142691612,
        -0.0043968455865979195,
        1
      ],
      "name": "Thumb1L_68",
      "extras": {
        "name": "Thumb1.L_68"
      },
      "children": [
        9
      ]
    },
    {
      "matrix": [
        0.9999999999927109,
        2.041579409882096e-8,
        0.000003818076020543128,
        0,
        0.000002443752474674967,
        0.7649091041948489,
        -0.6441382449956011,
        0,
        -0.000002933631558303928,
        0.644138206606605,
        0.7649090585970881,
        0,
        -1.3914701391115614e-8,
        0.04405045509338379,
        -4.4879129745822866e-8,
        1
      ],
      "name": "Index3L_69",
      "extras": {
        "name": "Index3.L_69"
      }
    },
    {
      "matrix": [
        0.9999999999930774,
        -8.582015037059441e-8,
        0.000003719909328421192,
        0,
        0.0000024487690771579366,
        0.7678985157473612,
        -0.6405715370733919,
        0,
        -0.000002801538955045905,
        0.6405715370780666,
        0.7678985157422555,
        0,
        -1.5337775494117523e-8,
        0.05307118967175484,
        -6.069630842375773e-8,
        1
      ],
      "name": "Index2L_70",
      "extras": {
        "name": "Index2.L_70"
      },
      "children": [
        11
      ]
    },
    {
      "matrix": [
        0.999999999984895,
        -0.000002861554946531828,
        -0.000004692702184843235,
        0,
        -6.523623740234197e-7,
        0.7859557321290759,
        -0.6182829539616975,
        0,
        0.000005457506852329705,
        0.6182829539554197,
        0.7859557321153373,
        0,
        0.04750010371208191,
        0.11585118621587753,
        0.00024238180776592344,
        1
      ],
      "name": "Index1L_71",
      "extras": {
        "name": "Index1.L_71"
      },
      "children": [
        12
      ]
    },
    {
      "matrix": [
        0.9999999999924583,
        -8.09862045607774e-8,
        0.00000388290482050826,
        0,
        0.0000025576675064508796,
        0.7661004458619537,
        -0.6427208607599244,
        0,
        -0.0000029226435870459444,
        0.6427208607650083,
        0.766100445856383,
        0,
        7.970442084115348e-10,
        0.042947571724653244,
        -4.1843669862373645e-8,
        1
      ],
      "name": "Ring3L_72",
      "extras": {
        "name": "Ring3.L_72"
      }
    },
    {
      "matrix": [
        1.0000001192033985,
        3.310504274688489e-8,
        0.000003432303943057645,
        0,
        0.000002172300716700353,
        0.7681187732617611,
        -0.640307383305034,
        0,
        -0.0000026576151226986313,
        0.6403076123004827,
        0.7681190479578441,
        0,
        1.3822120337181332e-8,
        0.04922766610980034,
        -1.0052914944935765e-8,
        1
      ],
      "name": "Ring2L_73",
      "extras": {
        "name": "Ring2.L_73"
      },
      "children": [
        14
      ]
    },
    {
      "matrix": [
        0.9999999999865063,
        -0.000003003491591483813,
        -0.000004238660751148643,
        0,
        -2.630359408568926e-7,
        0.7856032988382468,
        -0.6187305067245962,
        0,
        0.0000051882577805328325,
        0.6187305067173622,
        0.7856032988268561,
        0,
        -0.015456260181963444,
        0.11806602030992508,
        0.0007427139789797366,
        1
      ],
      "name": "Ring1L_74",
      "extras": {
        "name": "Ring1.L_74"
      },
      "children": [
        15
      ]
    },
    {
      "matrix": [
        0.9999999999921463,
        -6.654863000615341e-8,
        0.000003962697592513465,
        0,
        0.0000025808890922594157,
        0.7697301799602461,
        -0.6383694194335242,
        0,
        -0.0000030077258153224347,
        0.638369495538303,
        0.7697302717133604,
        0,
        1.455384612825128e-8,
        0.024567052721977234,
        -3.643863877300646e-8,
        1
      ],
      "name": "Pinky3L_75",
      "extras": {
        "name": "Pinky3.L_75"
      }
    },
    {
      "matrix": [
        0.9999997615753231,
        -1.5401018016218778e-7,
        0.0000034888306420501574,
        0,
        0.000002362012344982738,
        0.7656805603158973,
        -0.6432210272294663,
        0,
        -0.000002572267694708387,
        0.6432209888948237,
        0.7656805146734742,
        0,
        9.583857263351092e-9,
        0.03581976145505905,
        -4.176229495556072e-8,
        1
      ],
      "name": "Pinky2L_76",
      "extras": {
        "name": "Pinky2.L_76"
      },
      "children": [
        17
      ]
    },
    {
      "matrix": [
        0.9999999403809852,
        -0.000002940956605704412,
        -0.0000044822916686888446,
        0,
        -4.786289433933993e-7,
        0.783778243995254,
        -0.621041002814908,
        0,
        0.000005339577602457447,
        0.621041002808129,
        0.7837782439825834,
        0,
        -0.04810017719864845,
        0.11368648707866669,
        0.0027885325253009796,
        1
      ],
      "name": "Pinky1L_77",
      "extras": {
        "name": "Pinky1.L_77"
      },
      "children": [
        18
      ]
    },
    {
      "matrix": [
        0.9985977353000424,
        0.052938113809787336,
        -4.9629628682301075e-8,
        0,
        -0.052906634126585424,
        0.9980038861795717,
        -0.034483783234902095,
        0,
        -0.0018254569875682108,
        0.03443543252205083,
        0.9994052574980575,
        0,
        -1.1209378314447349e-8,
        0.2979825735092163,
        2.842117119428167e-8,
        1
      ],
      "name": "PalmL_78",
      "extras": {
        "name": "Palm.L_78"
      },
      "children": [
        7,
        10,
        13,
        16,
        19
      ]
    },
    {
      "matrix": [
        0.9097717368193818,
        -0.41510816730682876,
        -8.949236185666309e-9,
        0,
        0.41510824153397524,
        0.909771899499292,
        6.10731310250436e-8,
        0,
        -1.7210199108088723e-8,
        -5.927753491154757e-8,
        0.9999999999999981,
        0,
        8.064062306800679e-9,
        0.317033588886261,
        5.894866816902322e-8,
        1
      ],
      "name": "ForearmL_79",
      "extras": {
        "name": "Forearm.L_79"
      },
      "children": [
        20
      ]
    },
    {
      "matrix": [
        0.9728195524645685,
        -0.14535181538250888,
        -0.18026427845888268,
        0,
        -0.13964698381427953,
        0.25272948798277406,
        -0.9574055732311194,
        0,
        0.18471884673209538,
        0.9565567942619628,
        0.22556237922868935,
        0,
        8.773791693172939e-10,
        0.12845690548419952,
        1.0332299460458216e-8,
        1
      ],
      "name": "UpperArmL_80",
      "extras": {
        "name": "UpperArm.L_80"
      },
      "children": [
        21
      ]
    },
    {
      "matrix": [
        -0.037708382754786385,
        -0.16714651878763576,
        -0.9852107127526715,
        0,
        -0.9914644993910248,
        -0.11687532313418973,
        0.05777627981297868,
        0,
        -0.12480392360342663,
        0.9789801982066386,
        -0.16131269345369503,
        0,
        -0.09251242130994797,
        0.2341521978378296,
        -0.005866016261279583,
        1
      ],
      "name": "CollarL_81",
      "extras": {
        "name": "Collar.L_81"
      },
      "children": [
        22
      ]
    },
    {
      "matrix": [
        1.0000002384119735,
        -4.682709378349281e-8,
        -0.0000036344270854001966,
        0,
        -0.0000023045865700161755,
        0.7650624453587231,
        -0.6439564868740528,
        0,
        0.000002810717658731281,
        0.6439564868781749,
        0.7650624453535615,
        0,
        1.2286225370417014e-9,
        0.0521543063223362,
        -1.0802011729538208e-7,
        1
      ],
      "name": "Middle3R_82",
      "extras": {
        "name": "Middle3.R_82"
      }
    },
    {
      "matrix": [
        0.9999999999928646,
        1.576236113859245e-8,
        -0.0000037776309110008903,
        0,
        -0.000002433111148703813,
        0.7676400619030941,
        -0.6408808335438112,
        0,
        0.0000028897591734421977,
        0.6408808717479132,
        0.7676401076525793,
        0,
        1.8147204627894098e-8,
        0.058856189250946045,
        -1.632712809396253e-8,
        1
      ],
      "name": "Middle2R_83",
      "extras": {
        "name": "Middle2.R_83"
      },
      "children": [
        24
      ]
    },
    {
      "matrix": [
        1.00000011919489,
        0.0000029872057505723184,
        0.000004458233554433082,
        0,
        4.1042644142691393e-7,
        0.7857489749530439,
        -0.6185455107688291,
        0,
        -0.000005350774513285834,
        0.6185455107617521,
        0.7857489749405033,
        0,
        -0.01655322127044201,
        0.11509384959936142,
        0.0012652878649532795,
        1
      ],
      "name": "Middle1R_84",
      "extras": {
        "name": "Middle1.R_84"
      },
      "children": [
        25
      ]
    },
    {
      "matrix": [
        0.9749800709816092,
        -0.2219180616241586,
        0.012860893797422985,
        0,
        0.22225610074849217,
        0.972178930186184,
        -0.0739610460348137,
        0,
        0.003910202280427437,
        0.07496897585536479,
        0.9971779612281221,
        0,
        3.59050966736163e-9,
        0.041092194616794586,
        1.224620831408174e-7,
        1
      ],
      "name": "Thumb3R_85",
      "extras": {
        "name": "Thumb3.R_85"
      }
    },
    {
      "matrix": [
        0.7566336835590444,
        -0.5611787117133198,
        -0.33553531336734466,
        0,
        0.3729891726692397,
        0.7919454204229933,
        -0.48342675715183386,
        0,
        0.5370144816331788,
        0.24062595542146425,
        0.8085261993586554,
        0,
        5.289671278774222e-8,
        0.025557078421115875,
        1.35447763227603e-7,
        1
      ],
      "name": "Thumb2R_86",
      "extras": {
        "name": "Thumb2.R_86"
      },
      "children": [
        27
      ]
    },
    {
      "matrix": [
        0.7069930657619837,
        0.7072099410273832,
        -0.003833486148872589,
        0,
        -0.6587011235133111,
        0.6565066482114736,
        -0.36757568692993514,
        0,
        -0.2574365188444632,
        0.26239865133705387,
        0.9299858235860723,
        0,
        -0.046937860548496246,
        0.03536355122923851,
        -0.004397024866193533,
        1
      ],
      "name": "Thumb1R_87",
      "extras": {
        "name": "Thumb1.R_87"
      },
      "children": [
        28
      ]
    },
    {
      "matrix": [
        0.9999999999926625,
        -3.968803617119979e-8,
        -0.000003830587479399304,
        0,
        -0.00000244017644320206,
        0.7642313875183794,
        -0.6449421799499024,
        0,
        0.000002953051727211629,
        0.6449421799545174,
        0.764231387512675,
        0,
        -1.4869528719430036e-8,
        0.04405035823583603,
        -4.768098449403624e-8,
        1
      ],
      "name": "Index3R_88",
      "extras": {
        "name": "Index3.R_88"
      }
    },
    {
      "matrix": [
        0.9999998807835024,
        8.594356456765318e-9,
        -0.000003796822043713618,
        0,
        -0.00000244179334387261,
        0.7672244019837026,
        -0.6413783002008536,
        0,
        0.00000290750264056165,
        0.6413783002055017,
        0.7672244019781934,
        0,
        -1.5391492524940986e-8,
        0.05307112634181976,
        -2.0150611135250074e-7,
        1
      ],
      "name": "Index2R_89",
      "extras": {
        "name": "Index2.R_89"
      },
      "children": [
        30
      ]
    },
    {
      "matrix": [
        0.9999999403802591,
        0.0000028778814501934105,
        0.000004680827616146708,
        0,
        6.379261992291158e-7,
        0.7853052364541577,
        -0.6191087753576849,
        0,
        -0.0000054576004413107114,
        0.6191087753513247,
        0.7853052364404667,
        0,
        -0.04750007390975952,
        0.11585013568401337,
        0.00024154424318112433,
        1
      ],
      "name": "Index1R_90",
      "extras": {
        "name": "Index1.R_90"
      },
      "children": [
        31
      ]
    },
    {
      "matrix": [
        0.9999998807832214,
        -1.1264527552577068e-7,
        -0.000003868495301038549,
        0,
        -0.0000024032552228389755,
        0.7654242288002675,
        -0.6435257460782137,
        0,
        0.000003033530879131454,
        0.6435258227969519,
        0.7654243200399594,
        0,
        -6.717408851386608e-9,
        0.04294757917523384,
        -4.446176404826474e-8,
        1
      ],
      "name": "Ring3R_91",
      "extras": {
        "name": "Ring3.R_91"
      }
    },
    {
      "matrix": [
        0.9999999403894605,
        3.226116002835089e-8,
        -0.0000034334273388902455,
        0,
        -0.000002225979006880216,
        0.767445207741435,
        -0.6411145346835818,
        0,
        0.0000026142844030877085,
        0.6411145346874454,
        0.7674452077369829,
        0,
        1.0622159152262611e-8,
        0.049227625131607056,
        1.6454583473546336e-8,
        1
      ],
      "name": "Ring2R_92",
      "extras": {
        "name": "Ring2.R_92"
      },
      "children": [
        33
      ]
    },
    {
      "matrix": [
        0.9999999999868477,
        0.000002848925610178399,
        0.000004264749016664242,
        0,
        4.059801090874161e-7,
        0.784952401257338,
        -0.6195560821104391,
        0,
        -0.000005112694758214194,
        0.6195561559608624,
        0.7849524948194756,
        0,
        0.015456272289156914,
        0.11806550621986389,
        0.0007402488263323903,
        1
      ],
      "name": "Ring1R_93",
      "extras": {
        "name": "Ring1.R_93"
      },
      "children": [
        34
      ]
    },
    {
      "matrix": [
        0.9999997615739217,
        -2.7122544455030597e-8,
        -0.00000387268091511208,
        0,
        -0.0000024544743875655668,
        0.7690587546743939,
        -0.6391781447068924,
        0,
        0.0000029956561443646012,
        0.6391781447116044,
        0.76905875466856,
        0,
        1.3108405028106063e-8,
        0.024566931650042534,
        -7.378801569757343e-8,
        1
      ],
      "name": "Pinky3R_94",
      "extras": {
        "name": "Pinky3.R_94"
      }
    },
    {
      "matrix": [
        1.0000001192030654,
        -4.9170277719485464e-8,
        -0.0000035278361731314554,
        0,
        -0.000002234401913239671,
        0.76500388346918,
        -0.6440258730756253,
        0,
        0.000002730474701081987,
        0.6440257963056419,
        0.7650037922687501,
        0,
        -3.453965291555505e-8,
        0.035819873213768005,
        -1.6818259496176324e-7,
        1
      ],
      "name": "Pinky2R_95",
      "extras": {
        "name": "Pinky2.R_95"
      },
      "children": [
        36
      ]
    },
    {
      "matrix": [
        1.0000001191947834,
        0.0000029866142959019425,
        0.00000448243001950412,
        0,
        4.4857227578562443e-7,
        0.7831249370728667,
        -0.6218646027994823,
        0,
        -0.000005367571773682591,
        0.6218646027924721,
        0.783124937060167,
        0,
        0.048100151121616364,
        0.11368808895349503,
        0.0027910396456718445,
        1
      ],
      "name": "Pinky1R_96",
      "extras": {
        "name": "Pinky1.R_96"
      },
      "children": [
        37
      ]
    },
    {
      "matrix": [
        0.9985977983786175,
        -0.05293804980924617,
        5.605465674962673e-8,
        0,
        0.05290656723898794,
        0.9980038898585,
        -0.034483779277442096,
        0,
        0.001825448053442702,
        0.03443542903264992,
        0.9994052576335098,
        0,
        1.1781192021942388e-8,
        0.29798251390457153,
        -9.021331237590857e-8,
        1
      ],
      "name": "PalmR_97",
      "extras": {
        "name": "Palm.R_97"
      },
      "children": [
        26,
        29,
        32,
        35,
        38
      ]
    },
    {
      "matrix": [
        0.8559802351629755,
        0.5170081918860675,
        3.6128432317532633e-9,
        0,
        -0.5170080994377807,
        0.855980082101752,
        7.556193842964052e-8,
        0,
        3.5973639838419935e-8,
        -6.654743045930977e-8,
        0.9999999999999971,
        0,
        -2.593094627911796e-8,
        0.3170333802700043,
        2.843401958330105e-8,
        1
      ],
      "name": "ForearmR_98",
      "extras": {
        "name": "Forearm.R_98"
      },
      "children": [
        39
      ]
    },
    {
      "matrix": [
        0.9611535884735769,
        0.12384488505937262,
        0.24667076354014528,
        0,
        0.205109885005033,
        0.277550832324398,
        -0.9385602242685668,
        0,
        -0.18469958352279692,
        0.9526952524573402,
        0.24136719699755854,
        0,
        1.1283430190189847e-8,
        0.12845687568187714,
        1.2409951466452185e-7,
        1
      ],
      "name": "UpperArmR_99",
      "extras": {
        "name": "UpperArm.R_99"
      },
      "children": [
        40
      ]
    },
    {
      "matrix": [
        -0.037709051800534965,
        0.1671467677065248,
        0.9852105977850592,
        0,
        0.9914644598646379,
        -0.11687536157637338,
        0.05777704700658484,
        0,
        0.1248041477625065,
        0.978980217605291,
        -0.16131281916753926,
        0,
        0.09251244366168976,
        0.2341521978378296,
        -0.005865943618118763,
        1
      ],
      "name": "CollarR_100",
      "extras": {
        "name": "Collar.R_100"
      },
      "children": [
        41
      ]
    },
    {
      "matrix": [
        0.9999999999999997,
        2.1742922046039304e-8,
        -1.7019425132076466e-8,
        0,
        -2.065210135633084e-8,
        0.9980971083557183,
        0.06166167679432918,
        0,
        1.8327742917533452e-8,
        -0.061661673119006465,
        0.9980970488644948,
        0,
        4.3387695712149114e-15,
        0.17318607866764069,
        -4.0921477761912683e-8,
        1
      ],
      "name": "Chest_101",
      "extras": {
        "name": "Chest_101"
      },
      "children": [
        4,
        23,
        42
      ]
    },
    {
      "matrix": [
        0.9999999999999926,
        9.111040298353167e-8,
        -8.066877869429423e-8,
        0,
        -6.57300473045814e-8,
        0.9622883848569863,
        0.27203139461374637,
        0,
        1.024115021305026e-7,
        -0.27203136218506974,
        0.9622882701432705,
        0,
        9.085139019945117e-15,
        0.15847399830818176,
        -3.0004073892087035e-8,
        1
      ],
      "name": "Belly_102",
      "extras": {
        "name": "Belly_102"
      },
      "children": [
        43
      ]
    },
    {
      "matrix": [
        0.9997105969806284,
        -0.023997894567030224,
        0.001492419708668133,
        0,
        0.02404425845577613,
        0.9977569521188173,
        -0.062471592629662384,
        0,
        0.000010114496492603952,
        0.06248939728665097,
        0.9980452098016642,
        0,
        1.5765996508321223e-8,
        0.5055053234100342,
        3.950650029338476e-9,
        1
      ],
      "name": "ShinL_103",
      "extras": {
        "name": "Shin.L_103"
      }
    },
    {
      "matrix": [
        0.9993675780878574,
        -0.011075098319961035,
        0.03379032450366071,
        0,
        -0.004348978088185822,
        -0.9811941604364222,
        -0.19297223712555514,
        0,
        0.035292322485721735,
        0.19270469110385804,
        -0.9806291617308569,
        0,
        -0.10759955644607544,
        -0.000002424377953502699,
        7.258031509138618e-9,
        1
      ],
      "name": "HipL_104",
      "extras": {
        "name": "Hip.L_104"
      },
      "children": [
        45
      ]
    },
    {
      "matrix": [
        0.9997105969357142,
        0.02399787770071043,
        -0.0014927206608914847,
        0,
        -0.024044257562998623,
        0.9977568366164165,
        -0.06247152943144049,
        0,
        -0.000009811826198369622,
        0.06248935623740748,
        0.998045331814428,
        0,
        3.6394025570984923e-9,
        0.505505383014679,
        -3.756584376901628e-9,
        1
      ],
      "name": "ShinR_105",
      "extras": {
        "name": "Shin.R_105"
      }
    },
    {
      "matrix": [
        0.9993675964845483,
        0.011074959940389595,
        -0.03378982762152598,
        0,
        0.004348942486975973,
        -0.9811944384644322,
        -0.1929721528720488,
        0,
        -0.035291862429007906,
        0.19270490099380386,
        -0.9806309180003362,
        0,
        0.10759956389665604,
        -0.0000024258501980511937,
        6.776284067200322e-8,
        1
      ],
      "name": "HipR_106",
      "extras": {
        "name": "Hip.R_106"
      },
      "children": [
        47
      ]
    },
    {
      "matrix": [
        -1.0000001034493735,
        -4.067620031781581e-8,
        5.640195917216066e-7,
        0,
        5.4853190479381085e-8,
        0.9857283798387864,
        0.168343231071221,
        0,
        -5.628177149429911e-7,
        0.1683432411052641,
        -0.9857285420421533,
        0,
        -1.1416699585709011e-8,
        1.0642967224121094,
        -0.02612689509987831,
        1
      ],
      "name": "Pelvis_107",
      "extras": {
        "name": "Pelvis_107"
      },
      "children": [
        44,
        46,
        48
      ]
    },
    {
      "matrix": [
        -0.4357801058675185,
        -4.378975487817691e-15,
        1.4419931687477303e-7,
        0,
        3.308993345202646e-7,
        -1.343588757881235e-7,
        1.0000000747541764,
        0,
        -1.0048592410634785e-14,
        1.0000001343588838,
        -1.3435888379653704e-7,
        0,
        0.046890247613191605,
        0.5592277646064758,
        1.6039760112762451,
        1
      ],
      "name": "KneeIKL_108",
      "extras": {
        "name": "KneeIK.L_108"
      }
    },
    {
      "matrix": [
        0.99976509576533,
        0.02149241985089989,
        0.0027980720398002035,
        0,
        -0.020817328797338667,
        0.9162895589552525,
        0.39997496676898,
        0,
        0.006032585537734114,
        -0.3999392831816065,
        0.9165217880286332,
        0,
        2.3560751571949368e-8,
        0.1637006551027298,
        -6.508338867838859e-10,
        1
      ],
      "name": "ToesL_109",
      "extras": {
        "name": "Toes.L_109"
      }
    },
    {
      "matrix": [
        -0.9997653765956471,
        0.01945762820170567,
        0.009550253656731303,
        0,
        -0.021492007238783254,
        -0.8327735861771439,
        -0.5531963623140737,
        0,
        -0.0028106910224214433,
        -0.5532716205373218,
        0.8329957683073872,
        0,
        -3.117230207294597e-8,
        -4.319404922625836e-7,
        3.39880131150494e-7,
        1
      ],
      "name": "FootL_110",
      "extras": {
        "name": "Foot.L_110"
      },
      "children": [
        51
      ]
    },
    {
      "matrix": [
        0.9999999999999392,
        0,
        -3.4888314925464513e-7,
        0,
        -3.4888312845958896e-7,
        -1.343588788967478e-7,
        -1.0000000747541733,
        0,
        0,
        1.000000134358887,
        -1.343588869051615e-7,
        0,
        0.10194827616214752,
        0.11042002588510513,
        -0.030650528147816658,
        1
      ],
      "name": "LegIKL_111",
      "extras": {
        "name": "LegIK.L_111"
      },
      "children": [
        52
      ]
    },
    {
      "matrix": [
        1,
        0,
        0,
        0,
        0,
        -1.3435885648505064e-7,
        -1.0000001343588565,
        0,
        0,
        1.0000001343588565,
        -1.3435885648505064e-7,
        0,
        0.34054678678512573,
        1.62494695186615,
        -0.8709774017333984,
        1
      ],
      "name": "ElbowIKL_112",
      "extras": {
        "name": "ElbowIK.L_112"
      }
    },
    {
      "matrix": [
        -0.001331770771054508,
        -0.04263597889234916,
        0.9990899128207786,
        0,
        0.9995125594831507,
        -0.031223472480867542,
        -2.4338502768728176e-7,
        0,
        0.031194935995785045,
        0.9986027888347344,
        0.04265664241388656,
        0,
        0.2777990996837616,
        1.0113998651504517,
        -0.01997830532491207,
        1
      ],
      "name": "HandIKL_113",
      "extras": {
        "name": "HandIK.L_113"
      }
    },
    {
      "matrix": [
        -0.4357801058675185,
        -4.378975487817691e-15,
        1.4419931687477303e-7,
        0,
        3.308993345202646e-7,
        -1.343588757881235e-7,
        1.0000000747541764,
        0,
        -1.0048592410634785e-14,
        1.0000001343588838,
        -1.3435888379653704e-7,
        0,
        -0.046889204531908035,
        0.5592277646064758,
        1.6039760112762451,
        1
      ],
      "name": "KneeIKR_114",
      "extras": {
        "name": "KneeIK.R_114"
      }
    },
    {
      "matrix": [
        0.999765019963943,
        -0.021493433854819992,
        -0.0027960617702135057,
        0,
        0.02078646511649645,
        0.9142417528819229,
        0.40463557052185284,
        0,
        -0.006140731573507176,
        -0.40459863359833814,
        0.9144737513288037,
        0,
        -3.0076316992477814e-9,
        0.16370068490505219,
        1.8882193586478024e-8,
        1
      ],
      "name": "ToesR_115",
      "extras": {
        "name": "Toes.R_115"
      }
    },
    {
      "matrix": [
        -0.9997650579170028,
        -0.019463823178315756,
        -0.009549226366959776,
        0,
        0.021496598310574263,
        -0.8327731199402102,
        -0.5531965414359102,
        0,
        0.002814980630515988,
        -0.5532717271164477,
        0.8329955906400178,
        0,
        4.635275274722517e-8,
        -4.996057327844028e-7,
        3.483375792256993e-7,
        1
      ],
      "name": "FootR_116",
      "extras": {
        "name": "Foot.R_116"
      },
      "children": [
        57
      ]
    },
    {
      "matrix": [
        0.9999999999999392,
        0,
        -3.4888314925464513e-7,
        0,
        -3.4888312845958896e-7,
        -1.343588788967478e-7,
        -1.0000000747541733,
        0,
        0,
        1.000000134358887,
        -1.343588869051615e-7,
        0,
        -0.10194829106330872,
        0.11042002588510513,
        -0.030650461092591286,
        1
      ],
      "name": "LegIKR_117",
      "extras": {
        "name": "LegIK.R_117"
      },
      "children": [
        58
      ]
    },
    {
      "matrix": [
        1,
        0,
        0,
        0,
        0,
        -1.3435885648505064e-7,
        -1.0000001343588565,
        0,
        0,
        1.0000001343588565,
        -1.3435885648505064e-7,
        0,
        -0.34054702520370483,
        1.62494695186615,
        -0.8709770441055298,
        1
      ],
      "name": "ElbowIKR_118",
      "extras": {
        "name": "ElbowIK.R_118"
      }
    },
    {
      "matrix": [
        -0.0013324860151744389,
        0.042635967727189694,
        -0.9990899125824946,
        0,
        -0.9995125592448666,
        -0.03122348797601404,
        4.7162080818452523e-7,
        0,
        -0.031194920738922605,
        0.9986027890730185,
        0.04265665334076196,
        0,
        -0.2877887785434723,
        1.0206232070922852,
        -0.027832740917801857,
        1
      ],
      "name": "HandIKR_119",
      "extras": {
        "name": "HandIK.R_119"
      }
    },
    {
      "matrix": [
        1,
        0,
        0,
        0,
        0,
        1,
        0,
        0,
        0,
        0,
        1,
        0,
        -0.5677573682479097,
        0.06632650945567567,
        -0.05708494006103113,
        1
      ],
      "name": "GLTF_created_1_rootJoint",
      "extras": {
        "name": "GLTF_created_1_rootJoint"
      },
      "children": [
        49,
        50,
        53,
        54,
        55,
        56,
        59,
        60,
        61
      ]
    },
    {
      "name": "Object_71",
      "extras": {
        "name": "Object_71"
      },
      "mesh": 0,
      "skin": 0
    },
    {
      "name": "Character001_120",
      "extras": {
        "name": "Character.001_120"
      }
    },
    {
      "name": "GLTF_created_1",
      "extras": {
        "name": "GLTF_created_1"
      },
      "children": [
        62,
        63,
        64
      ]
    },
    {
      "matrix": [
        1,
        0,
        0,
        0,
        0,
        1,
        0,
        0,
        0,
        0,
        1,
        0,
        0.5,
        0,
        0,
        1
      ],
      "name": "Armature001_121",
      "extras": {
        "name": "Armature.001_121"
      },
      "children": [
        65
      ]
    },
    {
      "matrix": [
        1,
        0,
        0,
        0,
        0,
        2.220446049250313e-16,
        1,
        0,
        0,
        -1,
        2.220446049250313e-16,
        0,
        0,
        0,
        0,
        1
      ],
      "name": "GLTF_SceneRootNode",
      "extras": {
        "name": "GLTF_SceneRootNode"
      },
      "children": [
        2,
        66
      ]
    },
    {
      "name": "root",
      "extras": {
        "name": "root"
      },
      "children": [
        67
      ]
    },
    {
      "matrix": [
        1,
        0,
        0,
        0,
        0,
        2.220446049250313e-16,
        -1,
        0,
        0,
        1,
        2.220446049250313e-16,
        0,
        0,
        0,
        0,
        1
      ],
      "name": "Sketchfab_model",
      "extras": {
        "name": "Sketchfab_model"
      },
      "children": [
        68
      ]
    },
    {
      "name": "scene.gltf",
      "children": [
        69
      ]
    }
  ],
  "bufferViews": [
    {
      "buffer": 0,
      "byteOffset": 0,
      "byteLength": 19136,
      "target": 34962,
      "byteStride": 8
    },
    {
      "buffer": 0,
      "byteOffset": 19136,
      "byteLength": 28704,
      "target": 34962,
      "byteStride": 12
    },
    {
      "buffer": 0,
      "byteOffset": 47840,
      "byteLength": 28704,
      "target": 34962,
      "byteStride": 12
    },
    {
      "buffer": 0,
      "byteOffset": 76544,
      "byteLength": 19136,
      "target": 34962,
      "byteStride": 8
    },
    {
      "buffer": 0,
      "byteOffset": 95680,
      "byteLength": 38272,
      "target": 34962,
      "byteStride": 16
    },
    {
      "buffer": 0,
      "byteOffset": 133952,
      "byteLength": 38040,
      "target": 34963
    },
    {
      "buffer": 0,
      "byteOffset": 171992,
      "byteLength": 3840
    }
  ],
  "buffers": [
    {
      "byteLength": 175832,
